id: 10
parent_id: 0
fitness: 0
vertices:
  - [0, 0, 0.10000000000000001]
  - [0.20000000000000001, 0, 0.10000000000000001]
  - [0.10000000000000001, 0.17299999999999999, 0.10000000000000001]
  - [0.10000000000000001, 0.058000000000000003, 0.26300000000000001]
  - [0.14999999999999999, 0.058000000000000003, 0.10199999999999999]
bars:
  - v1: 0
    v2: 1
    rest_length: 0.20000000000000001
    stiffness: 50000
  - v1: 0
    v2: 2
    rest_length: 0.19982242116439286
    stiffness: 50000
  - v1: 1
    v2: 2
    rest_length: 0.19982242116439286
    stiffness: 50000
  - v1: 0
    v2: 3
    rest_length: 0.19983242980057067
    stiffness: 50000
  - v1: 1
    v2: 3
    rest_length: 0.19983242980057067
    stiffness: 50000
  - v1: 2
    v2: 3
    rest_length: 0.19948433522459852
    stiffness: 50000
  - v1: 3
    v2: 4
    rest_length: 0.1685852899869974
    stiffness: 50000
neurons:
  []
actuators:
  []
debug_actuators:
  - bar_idx: 3
    amplitude: 0.040000000000000001
    frequency: 1
    phase: 0
    bar_range: 0.040000000000000001