id: 6
vertices:
  - [0.038578071869824315, -0.00079250902487640329, 0.25213890610330125]
  - [-0.09216273464833051, 0.087329629558555, 0.26966732077751016]
  - [0.0095943765380435836, 0.093516111225051851, 0.28358920629765239]
bars:
  - v1: 1
    v2: 0
    rest_length: 0.15863768505158574
    stiffness: 77555.327442966489
  - v1: 2
    v2: 1
    rest_length: 0.1028912101631716
    stiffness: 61833.21116785871
neurons:
  - threshold: 0.37201808791786661
    activation: 1
    weights: [0.71682550225493813, -0.14201194781875381, 0.501742130462008, 0.50908575613978724]
  - threshold: 0.7764129578718022
    activation: 0
    weights: [0.80510581302350803, 0.010504751249369004, 0.65291493362586994, -0.35990079241356898]
  - threshold: 0.34080353928276896
    activation: 1
    weights: [-0.221596635831527, -0.97832470617560419, 0.8107639443867567, -0.81742664619947636]
  - threshold: 0.93075732837131164
    activation: 1
    weights: [0.90012393051609441, 0.9012143014356353, 0.14687577750651215, 0.26367442984740519]
actuators:
  - bar_idx: 0
    neuron_idx: 0
    bar_range: 0.67251846067460785
debug_actuators:
  []