id: 0
vertices:
  - [0.019731697290190087, 0.046398787674654052, 0.39014286234958767]
  - [-0.08838327778037755, -0.068801095222782688, 0.23120372773133452]
  - [0.041614515666983404, 0.02022300229099154, 0.37323522975012891]
bars:
  - v1: 1
    v2: 0
    rest_length: 0.22410156038566931
    stiffness: 15077.041881590292
  - v1: 2
    v2: 1
    rest_length: 0.21212652782016561
    stiffness: 84919.837288320967
  - v1: 0
    v2: 2
    rest_length: 0.038077519886168587
    stiffness: 26364.24703292318
neurons:
  - threshold: 0.61748150740363739
    activation: 0
    weights: [-0.9066686634256067, 0.94751104493259675, -0.53445731924550521, -0.81878712891784033, 0.23677202956060683, -0.23507601991311]
  - threshold: 0.61165316247014379
    activation: 0
    weights: [-0.06647420274446969, 0.71988080630379292, 0.36061507771142987, -0.099001493225561399, -0.97347008387322931, 0.88440350859839723]
  - threshold: 0.0070663086429136887
    activation: 0
    weights: [-0.22916698744129516, -0.96806748523162034, -0.53821235844042525, -0.51794906161528398, 0.36652704861022189, 0.21999331336563377]
  - threshold: 0.023062428560095147
    activation: 0
    weights: [-0.65327070558704969, -0.21787878083562462, -0.63552782625948079, 0.51072281769594285, -0.14968824511779888, -0.58411667238917753]
  - threshold: 0.52477466182113375
    activation: 1
    weights: [-0.93737341641222383, 0.68456954600735775, -0.10049174177687015, -0.20969953670189767, 0.85331772449185483, 0.4545439922241028]
  - threshold: 0.39986097780332269
    activation: 0
    weights: [0.14088795198523085, 0.041668532041824857, 0.92234405737613656, 0.68906770102927939, 0.49464022200027347, 0.079384259074623209]
actuators:
  - bar_idx: 0
    neuron_idx: 0
    bar_range: 0.29627350627931864
debug_actuators:
  []