id: 2
vertices:
  - [-0.046117533318704676, 0.038487206409783481, 0.29696599531068518]
  - [-0.056247155399843915, -0.066341790792396771, 0.24882510413125231]
  - [-0.087021550658921268, -0.019232765412748848, 0.31162040045106743]
  - [0.039260854118120969, -0.050624787250419745, 0.25078308256211607]
bars:
  - v1: 1
    v2: 0
    rest_length: 0.11579841666219541
    stiffness: 37079.048134410834
  - v1: 2
    v2: 0
    rest_length: 0.0722460059226884
    stiffness: 99796.644117598335
  - v1: 3
    v2: 0
    rest_length: 0.13176979124727622
    stiffness: 64860.789744185815
  - v1: 1
    v2: 3
    rest_length: 0.096812384341869812
    stiffness: 35078.181634418332
neurons:
  - threshold: 0.68070545728308196
    activation: 0
    weights: [-0.83829334812605028, -0.26069108035339994, -0.51568012673517805, 0.60627950994680457, -0.059398738496106551]
  - threshold: 0.53093458436077812
    activation: 0
    weights: [-0.20235111302066144, 0.6328637593126738, 0.59669024454908892, -0.69856491273487809, 0.016397562958663459]
  - threshold: 0.44778316316414923
    activation: 1
    weights: [0.71671760177275878, -0.34808218684471537, -0.55951790340358187, 0.42229906889451096, 0.61900210311268133]
  - threshold: 0.55289308866151854
    activation: 0
    weights: [-0.8076468973210208, 0.88104652248991955, -0.20485596000638895, 0.035502690070651211, 0.67542021346126213]
  - threshold: 0.59269672405022555
    activation: 1
    weights: [0.47043224812534934, -0.58185676433449918, 0.082895948982189216, 0.39156879944602929, -0.542899963325848]
actuators:
  - bar_idx: 0
    neuron_idx: 0
    bar_range: 0.96541935137778123
debug_actuators:
  []