id: 9
vertices:
  - [0.023625649500498502, 0.03434013653910814, 0.24572856115210931]
  - [0.034314639541422248, -0.077288481254658092, 0.27163254446568419]
  - [0.0040327010132079621, 0.054463678108351815, 0.30406153954091319]
  - [0.012187594406678048, 0.010381367328408442, 0.37043629937375794]
  - [-0.073196954299232189, -0.019303426482164404, 0.37533072070630308]
bars:
  - v1: 1
    v2: 0
    rest_length: 0.11509222028508997
    stiffness: 47848.22003510558
  - v1: 2
    v2: 1
    rest_length: 0.13902254140761394
    stiffness: 65827.859628624312
  - v1: 3
    v2: 1
    rest_length: 0.13393203672350962
    stiffness: 82454.020158240382
  - v1: 4
    v2: 0
    rest_length: 0.17043757866529191
    stiffness: 22273.432512600812
  - v1: 0
    v2: 2
    rest_length: 0.064742388922740257
    stiffness: 41552.880010158209
neurons:
  - threshold: 0.45091044169710703
    activation: 0
    weights: [0.39528373669011696, 0.59294356263685999, -0.08130639365544845, 0.68418283058637175]
  - threshold: 0.91047127889088653
    activation: 1
    weights: [-0.86752804217010526, -0.9082774797179104, 0.24161136428827068, -0.30517318775289781]
  - threshold: 0.29795945375145944
    activation: 0
    weights: [0.15929987031659154, -0.31687357544892203, 0.074526838062267453, -0.079761673636324804]
  - threshold: 0.52360227183021757
    activation: 1
    weights: [-0.1993990195207751, 0.39533514489365151, -0.63986545631621272, 0.39300292878499254]
actuators:
  - bar_idx: 0
    neuron_idx: 0
    bar_range: 0.82179064025191328
debug_actuators:
  []