id: 9
vertices:
  - [-0.072725705527553752, -0.057407168168339663, 0.1908159524965734]
  - [0.017983536497135091, -0.029882488866315102, 0.052908932958602148]
  - [0.080831739217555237, -0.012505014494302885, 0.12844880957327059]
  - [0.056730602283538822, 0.002797897418376355, 0.11965109350748347]
  - [0.072472741572354116, 0.024417340303676177, 0.12930855731994245]
bars:
  - v1: 1
    v2: 0
    rest_length: 0.16734431749306355
    stiffness: 81682.460318658705
  - v1: 2
    v2: 0
    rest_length: 0.17171416003821494
    stiffness: 93392.88619145313
  - v1: 3
    v2: 2
    rest_length: 0.029873796586534482
    stiffness: 79202.596890807734
  - v1: 4
    v2: 1
    rest_length: 0.1084179298832689
    stiffness: 51322.218514038541
  - v1: 2
    v2: 4
    rest_length: 0.037866506198066821
    stiffness: 16827.69955385958
  - v1: 3
    v2: 4
    rest_length: 0.028433815560845118
    stiffness: 21524.125584729649
neurons:
  - threshold: 0.40030049023961245
    activation: 0
    weights: [-0.17667757331129752, 0.74863521749935513, 0.030472112108935523, 0.94622071071879832]
  - threshold: 0.69766757244682576
    activation: 1
    weights: [-0.55230186032490391, 0.64358128050382657, -0.30983474051163762, -0.30476156935161425]
  - threshold: 0.18006727184189361
    activation: 1
    weights: [0.097430618986814599, 0.068847002517728129, -0.28801702919379868, 0.788434526513486]
  - threshold: 0.69650146439249627
    activation: 0
    weights: [-0.33980097179141955, -0.35683445879705489, -0.81541882779481256, -0.037709214352345866]
actuators:
  - bar_idx: 1
    neuron_idx: 3
    bar_range: 0.061077966442631082
  - bar_idx: 2
    neuron_idx: 3
    bar_range: 0.084517003923235759
debug_actuators:
  []