id: 1
vertices:
  - [-0.021023696625035032, -0.015319704590975911, 0.053127280998721285]
  - [-0.060231519359375291, -0.09718403527487432, 0.10869763527059535]
bars:
  - v1: 1
    v2: 0
    rest_length: 0.10642878499631438
    stiffness: 75610.644650650385
neurons:
  - threshold: 0.60595998046250787
    activation: 0
    weights: [-0.10109865124183792, -0.80917976781218404, -0.25836348996331993, 0.33768251413059525, 0.33184470437708469]
  - threshold: 0.92630087795528693
    activation: 0
    weights: [-0.45055641716459882, 0.12248684600331483, -0.23414625112329845, 0.94342418672498041, 0.69782763845904028]
  - threshold: 0.65107703054288069
    activation: 1
    weights: [-0.52803016148448123, -0.4878633554228734, -0.9191328163753284, 0.42132577976339158, -0.77821834691449021]
  - threshold: 0.91495967542656442
    activation: 1
    weights: [-0.59656158736539466, 0.7915271963139201, -0.049259550573113153, 0.12655114955937297, 0.39103216096226623]
  - threshold: 0.85003857520946846
    activation: 0
    weights: [0.20883475535050611, 0.079682178055114461, -0.59387754054947239, 0.88570714566335007, 0.19773093148925347]
actuators:
  - bar_idx: 0
    neuron_idx: 0
    bar_range: 0.62435404442476516
debug_actuators:
  []