id: 7
vertices:
  - [-0.077307079416251839, 0.056259209652970515, 0.38923890836315111]
  - [0.099186248195243937, 0.094849642808289308, 0.3861858213362846]
  - [0.0091831548552822467, 0.047407110149112086, 0.21117423146728095]
bars:
  - v1: 1
    v2: 0
    rest_length: 0.18068878648905562
    stiffness: 20536.031199974204
  - v1: 2
    v2: 1
    rest_length: 0.20243618081843792
    stiffness: 71922.700575755269
neurons:
  - threshold: 0.10112267659671342
    activation: 1
    weights: [0.4124844641852643, -0.83730244443444313, -0.83032457320330377, 0.97327915683073374, -0.25145841409391467]
  - threshold: 0.084106804532576532
    activation: 1
    weights: [0.62559914024563512, 0.89449715532208107, 0.97200213042446126, 0.50675636697182846, -0.24748083699950096]
  - threshold: 0.70096913269397143
    activation: 1
    weights: [0.55429383948522948, 0.11680849891993561, -0.15155597277680211, 0.81270877702567912, -0.77760503891378052]
  - threshold: 0.072763005556207253
    activation: 0
    weights: [-0.97729271079707791, -0.062678711765817297, -0.88739344777005114, -0.76236416597805268, -0.76494750531055278]
  - threshold: 0.82186005669568007
    activation: 0
    weights: [0.49208974872911893, 0.16673753256026624, 0.92434510460007302, -0.25025883391489145, -0.42857582099842151]
actuators:
  - bar_idx: 0
    neuron_idx: 0
    bar_range: 0.012154470151781397
debug_actuators:
  []