id: 6
vertices:
  - [0.05090857561397874, 0.050174213046200816, 0.13579880521812462]
  - [0.0010504751249369032, 0.080510581302350809, 0.070624773587949399]
  - [0.079104646774830062, -0.035990079241356901, 0.21529149336258702]
  - [0.081076394438675675, -0.097832470617560424, 0.12784033641684731]
  - [0.090012393051609435, -0.036137273611738116, 0.068257335380052367]
  - [0.02636744298474053, 0.014687577750651215, 0.24012143014356352]
bars:
  - v1: 1
    v2: 0
    rest_length: 0.087485883560030522
    stiffness: 18253.37314986626
  - v1: 2
    v2: 0
    rest_length: 0.12057525103750032
    stiffness: 39579.80922754381
  - v1: 3
    v2: 1
    rest_length: 0.20367624446641969
    stiffness: 29145.510480861802
  - v1: 4
    v2: 3
    rest_length: 0.086233887871000489
    stiffness: 81242.113892258494
  - v1: 5
    v2: 3
    rest_length: 0.16810971019676807
    stiffness: 20211.814262686676
  - v1: 1
    v2: 2
    rest_length: 0.20147783359323856
    stiffness: 76333.199567100441
neurons:
  - threshold: 0.084106804532576532
    activation: 0
    weights: [-0.85447398888758552, 0.64372011339136015]
  - threshold: 0.70096913269397143
    activation: 0
    weights: [-0.83730244443444313, -0.83032457320330377]
actuators:
  - bar_idx: 0
    neuron_idx: 1
    bar_range: 0.88035996755832857
  - bar_idx: 1
    neuron_idx: 1
    bar_range: 0.98600106521223063
  - bar_idx: 3
    neuron_idx: 1
    bar_range: 0.48166698638431277
  - bar_idx: 4
    neuron_idx: 1
    bar_range: 0.42422201361159895
debug_actuators:
  []