id: 4
vertices:
  - [-0.068991676277220346, -0.034369466358984718, 0.33440522842939385]
  - [0.072080924808552188, 0.067786700524694349, 0.39636817861081308]
  - [-0.039346896911850171, -0.0922330539190514, 0.25005027279399805]
  - [0.065573799960419676, -0.034669752226813677, 0.30741648573243019]
bars:
  - v1: 1
    v2: 0
    rest_length: 0.18486959837857775
    stiffness: 29423.892063656556
  - v1: 2
    v2: 1
    rest_length: 0.24378558371693929
    stiffness: 51153.864626786708
  - v1: 3
    v2: 0
    rest_length: 0.13724558207471813
    stiffness: 14651.355043934211
neurons:
  - threshold: 0.13274541863382128
    activation: 1
    weights: [0.42919020797885032, -0.9178649697811545]
  - threshold: 0.96953686745275092
    activation: 1
    weights: [-0.13295852287168042, 0.48808529667508394]
actuators:
  - bar_idx: 0
    neuron_idx: 0
    bar_range: 0.6884999004416108
debug_actuators:
  []