id: 5
vertices:
  - [0.061382595658843214, 0.052672885036926437, 0.05343222094113817]
  - [0.029954736141201643, -0.0070652367000839794, 0.11926086412153541]
bars:
  - v1: 1
    v2: 0
    rest_length: 0.094285543990044157
    stiffness: 65426.508377847567
neurons:
  - threshold: 0.88668038780686764
    activation: 0
    weights: [0.3679275422630337, 0.23170233478906299, 0.88778320656650167, 0.88850319462009675, 0.73439787096647136, 0.27280719558977307]
  - threshold: 0.26089362498496288
    activation: 0
    weights: [0.35433668437203125, 0.14673407487020351, -0.74299930006112525, 0.62240835859358912, 0.64127894236967742, 0.25187934001044598]
  - threshold: 0.015304537810062203
    activation: 0
    weights: [0.30296953393201842, -0.58663127808582471, -0.45207773326160794, -0.57082175693038795, -0.24548182771504945, -0.92207372373984109]
  - threshold: 0.93343630866749672
    activation: 1
    weights: [-0.32689156072074232, 0.31144527768305896, -0.22920675747144237, 0.36322734218317798, -0.31875085969303174, -0.47861093896698748]
  - threshold: 0.50103988486880813
    activation: 0
    weights: [0.38578071869824315, -0.30332679222489844, 0.87329629558554989, -0.92162734648330513, -0.16410793702347626, 0.93516111225051857]
  - threshold: 0.53937744904693441
    activation: 0
    weights: [-0.15305812462352242, 0.13704056653688412, 0.15184913706352687, 0.46329550584336054, -0.74462054510944631, -0.49996710551343015]
actuators:
  - bar_idx: 0
    neuron_idx: 0
    bar_range: 0.56186669318255911
debug_actuators:
  []