id: 5
vertices:
  - [-0.049951420657227179, -0.068712592082321, 0.23465886381725753]
  - [0.032039474285341152, 0.042919184970384161, 0.30984533416292576]
  - [0.047579382663438863, 0.090973056090915133, 0.25598677941293524]
  - [-0.01607998652709465, 0.022344149157203397, 0.31087081128065996]
bars:
  - v1: 1
    v2: 0
    rest_length: 0.1575981149140693
    stiffness: 60943.349234828682
  - v1: 2
    v2: 0
    rest_length: 0.18832589788060841
    stiffness: 78206.149948359976
  - v1: 3
    v2: 0
    rest_length: 0.12347819690681437
    stiffness: 40769.170513678211
  - v1: 1
    v2: 2
    rest_length: 0.073833645459410971
    stiffness: 18474.129211190211
neurons:
  - threshold: 0.47417383156142434
    activation: 1
    weights: [-0.13229669748587825, -0.20299052137426399, 0.23170018617439037, 0.27018729082734594, -0.90939198346497474]
  - threshold: 0.097834160788255076
    activation: 1
    weights: [0.25171982916784685, 0.0062725217702968017, 0.71297967457260936, 0.317387255159848, -0.67413115329855877]
  - threshold: 0.49161587277505647
    activation: 1
    weights: [0.28483855302626804, -0.94697738394874542, 0.17155116790309499, 0.88046048331838267, 0.15094835674434393]
  - threshold: 0.4734717697852554
    activation: 0
    weights: [0.28657644780975167, -0.083494231045013079, 0.091233575163038427, 0.8829296104706077, -0.22779473540096562]
  - threshold: 0.17320186652855582
    activation: 1
    weights: [0.81070128532661356, -0.60841772928522697, -0.86127739573178763, -0.79844398879698053, -0.96355634863616013]
actuators:
  - bar_idx: 0
    neuron_idx: 0
    bar_range: 0.023271939177441799
debug_actuators:
  []