id: 7
vertices:
  - [-0.018959582549922457, -0.049263564660557313, 0.13689036951918143]
  - [0.053438970778082406, 0.048194772892459464, 0.16429460632934517]
  - [0.036207884677967289, 0.048842330586594096, 0.21455807081039652]
bars:
  - v1: 1
    v2: 0
    rest_length: 0.12446152127357779
    stiffness: 96595.529707003283
  - v1: 2
    v2: 0
    rest_length: 0.13674972740904001
    stiffness: 52994.340561269397
  - v1: 1
    v2: 2
    rest_length: 0.053138926605594161
    stiffness: 57553.31078501742
neurons:
  - threshold: 0.96322253473017738
    activation: 0
    weights: [-0.9136801676098234, 0.78228623621290838, 0.055402214193437604]
  - threshold: 0.012154470151781397
    activation: 0
    weights: [-0.85240687200840759, 0.10770855948933877, 0.93860507928552628]
  - threshold: 0.96987883001051389
    activation: 0
    weights: [0.25879727684250819, 0.39149737973548904, -0.09091787119652428]
actuators:
  - bar_idx: 2
    neuron_idx: 2
    bar_range: 0.95870240248762151
debug_actuators:
  []