id: 8
vertices:
  - [-0.09131984338671234, -0.035462723018454392, 0.31120100826816072]
  - [-0.04940196708432415, 0.083823144249290465, 0.38492866552098193]
  - [-0.066756913879742016, -0.084913090198798918, 0.33908222404093735]
  - [0.099166274091905982, -0.041101210625108853, 0.24336182105491863]
  - [0.047420142167301754, -0.023159634946644567, 0.33938501130917847]
  - [-0.088427221032306019, 0.091740480497524313, 0.38305086838293106]
bars:
  - v1: 1
    v2: 0
    rest_length: 0.146362542774816
    stiffness: 51009.107917898094
  - v1: 2
    v2: 0
    rest_length: 0.061854979696087664
    stiffness: 40209.406077817999
  - v1: 3
    v2: 0
    rest_length: 0.20228422779920754
    stiffness: 26930.904510726963
  - v1: 4
    v2: 2
    rest_length: 0.12980747683889171
    stiffness: 44944.15447854736
  - v1: 5
    v2: 1
    rest_length: 0.039864530363014988
    stiffness: 62529.050249291009
  - v1: 0
    v2: 4
    rest_length: 0.14210731013936914
    stiffness: 97695.532690834036
  - v1: 3
    v2: 4
    rest_length: 0.11054417837946234
    stiffness: 91983.446828552202
neurons:
  - threshold: 0.58116261771081934
    activation: 1
    weights: [0.10317575692481551, -0.67033147623519473, -0.17748976171651532, 0.55520456534645679]
  - threshold: 0.91917655445016344
    activation: 0
    weights: [0.97057210606861677, -0.24652206425069978, 0.49915660619462399, -0.21402110514189543]
  - threshold: 0.082748415278793092
    activation: 1
    weights: [0.13816293368214683, -0.87297634741369223, -0.92635626696576678, -0.73229575230981248]
  - threshold: 0.87666148644237041
    activation: 0
    weights: [-0.8492818819096426, 0.38342879520017759, 0.068692537403153731, 0.49982148641707269]
actuators:
  - bar_idx: 0
    neuron_idx: 0
    bar_range: 0.27473179552565585
debug_actuators:
  []