id: 8
vertices:
  - [0.024026520322391581, -0.008868649071337581, 0.2280527565189574]
  - [-0.0072603183962940965, -0.062375767753940083, 0.10547623668497708]
  - [-0.084453071874289881, 0.016731222776202245, 0.12067044644561915]
  - [0.039632343754788912, 0.097242149676193934, 0.24487896153518673]
  - [0.062759003947079506, -0.038094477342452693, 0.15721927359850685]
  - [0.08218543739678269, -0.067476611013013985, 0.18694623539237221]
bars:
  - v1: 1
    v2: 0
    rest_length: 0.13735676627430238
    stiffness: 94647.863927303901
  - v1: 2
    v2: 1
    rest_length: 0.11156836984782494
    stiffness: 75314.756023580558
  - v1: 3
    v2: 1
    rest_length: 0.21704819977141471
    stiffness: 92725.88990051471
  - v1: 4
    v2: 1
    rest_length: 0.090385996893916867
    stiffness: 93945.563397707272
  - v1: 5
    v2: 4
    rest_length: 0.046091087566951697
    stiffness: 59642.909061616701
  - v1: 0
    v2: 2
    rest_length: 0.15477123724534653
    stiffness: 47012.960722756812
  - v1: 3
    v2: 5
    rest_length: 0.17971988387440938
    stiffness: 13313.967986540492
neurons:
  - threshold: 0.27340707186000701
    activation: 0
    weights: [0.99943534961638325, 0.99327366321809163, 0.11086341222429907, 0.53797482167610422]
  - threshold: 0.056375499585101373
    activation: 0
    weights: [0.69929478026790592, -0.50530379247951762, -0.098911726269365841, -0.74168116729471589]
  - threshold: 0.86472237228307847
    activation: 1
    weights: [0.21234927152969485, -0.54271438847890696, 0.34340136539108146, 0.23625649500498502]
  - threshold: 0.81290100903523022
    activation: 0
    weights: [-0.77288481254658081, 0.34314639541422243, 0.040615395409131949, 0.54463678108351798]
actuators:
  - bar_idx: 5
    neuron_idx: 1
    bar_range: 0.42053577816783977
debug_actuators:
  []